Instances 0: 
33 69
33 70
33 71
33 72
33 73
33 74
33 75
33 76
33 77
33 78
33 79
33 80
33 81
33 82
33 83
33 84
33 85
33 86
34 68
34 69
34 70
34 71
34 72
34 73
34 74
34 75
34 76
34 77
34 78
34 79
34 80
34 81
34 82
34 83
34 84
34 85
34 86
34 87
35 67
35 68
35 69
35 70
35 71
35 72
35 73
35 74
35 75
35 76
35 77
35 78
35 79
35 80
35 81
35 82
35 83
35 84
35 85
35 86
35 87
35 88
36 66
36 67
36 68
36 69
36 70
36 71
36 72
36 73
36 74
36 75
36 76
36 77
36 78
36 79
36 80
36 81
36 82
36 83
36 84
36 85
36 86
36 87
36 88
37 65
37 66
37 67
37 68
37 69
37 70
37 71
37 72
37 73
37 74
37 75
37 76
37 77
37 78
37 79
37 80
37 81
37 82
37 83
37 84
37 85
37 86
37 87
37 88
37 89
38 65
38 66
38 67
38 68
38 69
38 70
38 71
38 72
38 73
38 74
38 75
38 76
38 77
38 78
38 79
38 80
38 81
38 82
38 83
38 84
38 85
38 86
38 87
38 88
38 89
39 64
39 65
39 66
39 67
39 68
39 69
39 70
39 71
39 72
39 73
39 74
39 75
39 76
39 77
39 78
39 79
39 80
39 81
39 82
39 83
39 84
39 85
39 86
39 87
39 88
39 89
40 63
40 64
40 65
40 66
40 67
40 68
40 69
40 70
40 71
40 72
40 73
40 74
40 75
40 76
40 77
40 78
40 79
40 80
40 81
40 82
40 83
40 84
40 85
40 86
40 87
40 88
40 89
41 63
41 64
41 65
41 66
41 67
41 68
41 69
41 70
41 71
41 72
41 73
41 74
41 75
41 76
41 77
41 78
41 79
41 80
41 81
41 82
41 83
41 84
41 85
41 86
41 87
41 88
41 89
42 62
42 63
42 64
42 65
42 66
42 67
42 68
42 69
42 70
42 71
42 72
42 73
42 74
42 75
42 76
42 77
42 78
42 79
42 80
42 81
42 82
42 83
42 84
42 85
42 86
42 87
42 88
42 89
43 62
43 63
43 64
43 65
43 66
43 67
43 68
43 69
43 70
43 71
43 72
43 73
43 74
43 75
43 76
43 77
43 78
43 79
43 80
43 81
43 82
43 83
43 84
43 85
43 86
43 87
43 88
43 89
44 61
44 62
44 63
44 64
44 65
44 66
44 67
44 68
44 69
44 70
44 71
44 72
44 73
44 74
44 75
44 76
44 77
44 78
44 79
44 80
44 81
44 82
44 83
44 84
44 85
44 86
44 87
44 88
44 89
45 60
45 61
45 62
45 63
45 64
45 65
45 66
45 67
45 68
45 69
45 70
45 71
45 72
45 73
45 74
45 75
45 76
45 77
45 78
45 79
45 80
45 81
45 82
45 83
45 84
45 85
45 86
45 87
45 88
45 89
46 60
46 61
46 62
46 63
46 64
46 65
46 66
46 67
46 68
46 69
46 70
46 71
46 72
46 73
46 74
46 75
46 76
46 77
46 78
46 79
46 80
46 81
46 82
46 83
46 84
46 85
46 86
46 87
46 88
46 89
47 59
47 60
47 61
47 62
47 63
47 64
47 65
47 66
47 67
47 68
47 69
47 70
47 71
47 72
47 73
47 74
47 75
47 76
47 77
47 78
47 79
47 80
47 81
47 82
47 83
47 84
47 85
47 86
47 87
47 88
47 89
48 59
48 60
48 61
48 62
48 63
48 64
48 65
48 66
48 67
48 68
48 69
48 70
48 71
48 72
48 73
48 74
48 75
48 76
48 77
48 78
48 79
48 80
48 81
48 82
48 83
48 84
48 85
48 86
48 87
48 88
48 89
49 58
49 59
49 60
49 61
49 62
49 63
49 64
49 65
49 66
49 67
49 68
49 69
49 70
49 71
49 72
49 73
49 74
49 75
49 76
49 77
49 78
49 79
49 80
49 81
49 82
49 83
49 84
49 85
49 86
49 87
49 88
49 89
50 58
50 59
50 60
50 61
50 62
50 63
50 64
50 65
50 66
50 67
50 68
50 69
50 70
50 71
50 72
50 73
50 74
50 75
50 76
50 77
50 78
50 79
50 80
50 81
50 82
50 83
50 84
50 85
50 86
50 87
50 88
50 89
51 57
51 58
51 59
51 60
51 61
51 62
51 63
51 64
51 65
51 66
51 67
51 68
51 69
51 70
51 71
51 72
51 73
51 74
51 75
51 76
51 77
51 78
51 79
51 80
51 81
51 82
51 83
51 84
51 85
51 86
51 87
51 88
51 89
52 57
52 58
52 59
52 60
52 61
52 62
52 63
52 64
52 65
52 66
52 67
52 68
52 69
52 70
52 71
52 72
52 73
52 74
52 75
52 76
52 77
52 78
52 79
52 80
52 81
52 82
52 83
52 84
52 85
52 86
52 87
52 88
52 89
53 56
53 57
53 58
53 59
53 60
53 61
53 62
53 63
53 64
53 65
53 66
53 67
53 68
53 69
53 70
53 71
53 72
53 73
53 74
53 75
53 76
53 77
53 78
53 79
53 80
53 81
53 82
53 83
53 84
53 85
53 86
53 87
53 88
53 89
54 56
54 57
54 58
54 59
54 60
54 61
54 62
54 63
54 64
54 65
54 66
54 67
54 68
54 69
54 70
54 71
54 72
54 73
54 74
54 75
54 76
54 77
54 78
54 79
54 80
54 81
54 82
54 83
54 84
54 85
54 86
54 87
54 88
54 89
55 55
55 56
55 57
55 58
55 59
55 60
55 61
55 62
55 63
55 64
55 65
55 66
55 67
55 68
55 69
55 70
55 71
55 72
55 73
55 74
55 75
55 76
55 77
55 78
55 79
55 80
55 81
55 82
55 83
55 84
55 85
55 86
55 87
55 88
55 89
56 55
56 56
56 57
56 58
56 59
56 60
56 61
56 62
56 63
56 64
56 65
56 66
56 67
56 68
56 69
56 70
56 71
56 72
56 73
56 74
56 75
56 76
56 77
56 78
56 79
56 80
56 81
56 82
56 83
56 84
56 85
56 86
56 87
56 88
56 89
57 55
57 56
57 57
57 58
57 59
57 60
57 61
57 62
57 63
57 64
57 65
57 66
57 67
57 68
57 69
57 70
57 71
57 72
57 73
57 74
57 75
57 76
57 77
57 78
57 79
57 80
57 81
57 82
57 83
57 84
57 85
57 86
57 87
57 88
57 89
58 54
58 55
58 56
58 57
58 58
58 59
58 60
58 61
58 62
58 63
58 64
58 65
58 66
58 67
58 68
58 69
58 70
58 71
58 72
58 73
58 74
58 75
58 76
58 77
58 78
58 79
58 80
58 81
58 82
58 83
58 84
58 85
58 86
58 87
58 88
59 54
59 55
59 56
59 57
59 58
59 59
59 60
59 61
59 62
59 63
59 64
59 65
59 66
59 67
59 68
59 69
59 70
59 71
59 72
59 73
59 74
59 75
59 76
59 77
59 78
59 79
59 80
59 81
59 82
59 83
59 84
59 85
59 86
59 87
59 88
60 53
60 54
60 55
60 56
60 57
60 58
60 59
60 60
60 61
60 62
60 63
60 64
60 65
60 66
60 67
60 68
60 69
60 70
60 71
60 72
60 73
60 74
60 75
60 76
60 77
60 78
60 79
60 80
60 81
60 82
60 83
60 84
60 85
60 86
60 87
60 88
61 53
61 54
61 55
61 56
61 57
61 58
61 59
61 60
61 61
61 62
61 63
61 64
61 65
61 66
61 67
61 68
61 69
61 70
61 71
61 72
61 73
61 74
61 75
61 76
61 77
61 78
61 79
61 80
61 81
61 82
61 83
61 84
61 85
61 86
61 87
61 88
62 53
62 54
62 55
62 56
62 57
62 58
62 59
62 60
62 61
62 62
62 63
62 64
62 65
62 66
62 67
62 68
62 69
62 70
62 71
62 72
62 73
62 74
62 75
62 76
62 77
62 78
62 79
62 80
62 81
62 82
62 83
62 84
62 85
62 86
62 87
63 52
63 53
63 54
63 55
63 56
63 57
63 58
63 59
63 60
63 61
63 62
63 63
63 64
63 65
63 66
63 67
63 68
63 69
63 70
63 71
63 72
63 73
63 74
63 75
63 76
63 77
63 78
63 79
63 80
63 81
63 82
63 83
63 84
63 85
63 86
63 87
64 52
64 53
64 54
64 55
64 56
64 57
64 58
64 59
64 60
64 61
64 62
64 63
64 64
64 65
64 66
64 67
64 68
64 69
64 70
64 71
64 72
64 73
64 74
64 75
64 76
64 77
64 78
64 79
64 80
64 81
64 82
64 83
64 84
64 85
64 86
65 52
65 53
65 54
65 55
65 56
65 57
65 58
65 59
65 60
65 61
65 62
65 63
65 64
65 65
65 66
65 67
65 68
65 69
65 70
65 71
65 72
65 73
65 74
65 75
65 76
65 77
65 78
65 79
65 80
65 81
65 82
65 83
65 84
65 85
65 86
66 52
66 53
66 54
66 55
66 56
66 57
66 58
66 59
66 60
66 61
66 62
66 63
66 64
66 65
66 66
66 67
66 68
66 69
66 70
66 71
66 72
66 73
66 74
66 75
66 76
66 77
66 78
66 79
66 80
66 81
66 82
66 83
66 84
66 85
67 52
67 53
67 54
67 55
67 56
67 57
67 58
67 59
67 60
67 61
67 62
67 63
67 64
67 65
67 66
67 67
67 68
67 69
67 70
67 71
67 72
67 73
67 74
67 75
67 76
67 77
67 78
67 79
67 80
67 81
67 82
67 83
67 84
67 85
68 51
68 52
68 53
68 54
68 55
68 56
68 57
68 58
68 59
68 60
68 61
68 62
68 63
68 64
68 65
68 66
68 67
68 68
68 69
68 70
68 71
68 72
68 73
68 74
68 75
68 76
68 77
68 78
68 79
68 80
68 81
68 82
68 83
68 84
68 85
69 51
69 52
69 53
69 54
69 55
69 56
69 57
69 58
69 59
69 60
69 61
69 62
69 63
69 64
69 65
69 66
69 67
69 68
69 69
69 70
69 71
69 72
69 73
69 74
69 75
69 76
69 77
69 78
69 79
69 80
69 81
69 82
69 83
69 84
70 51
70 52
70 53
70 54
70 55
70 56
70 57
70 58
70 59
70 60
70 61
70 62
70 63
70 64
70 65
70 66
70 67
70 68
70 69
70 70
70 71
70 72
70 73
70 74
70 75
70 76
70 77
70 78
70 79
70 80
70 81
70 82
70 83
70 84
71 51
71 52
71 53
71 54
71 55
71 56
71 57
71 58
71 59
71 60
71 61
71 62
71 63
71 64
71 65
71 66
71 67
71 68
71 69
71 70
71 71
71 72
71 73
71 74
71 75
71 76
71 77
71 78
71 79
71 80
71 81
71 82
71 83
71 84
72 51
72 52
72 53
72 54
72 55
72 56
72 57
72 58
72 59
72 60
72 61
72 62
72 63
72 64
72 65
72 66
72 67
72 68
72 69
72 70
72 71
72 72
72 73
72 74
72 75
72 76
72 77
72 78
72 79
72 80
72 81
72 82
72 83
73 51
73 52
73 53
73 54
73 55
73 56
73 57
73 58
73 59
73 60
73 61
73 62
73 63
73 64
73 65
73 66
73 67
73 68
73 69
73 70
73 71
73 72
73 73
73 74
73 75
73 76
73 77
73 78
73 79
73 80
73 81
73 82
73 83
74 51
74 52
74 53
74 54
74 55
74 56
74 57
74 58
74 59
74 60
74 61
74 62
74 63
74 64
74 65
74 66
74 67
74 68
74 69
74 70
74 71
74 72
74 73
74 74
74 75
74 76
74 77
74 78
74 79
74 80
74 81
74 82
75 51
75 52
75 53
75 54
75 55
75 56
75 57
75 58
75 59
75 60
75 61
75 62
75 63
75 64
75 65
75 66
75 67
75 68
75 69
75 70
75 71
75 72
75 73
75 74
75 75
75 76
75 77
75 78
75 79
75 80
75 81
75 82
76 51
76 52
76 53
76 54
76 55
76 56
76 57
76 58
76 59
76 60
76 61
76 62
76 63
76 64
76 65
76 66
76 67
76 68
76 69
76 70
76 71
76 72
76 73
76 74
76 75
76 76
76 77
76 78
76 79
76 80
76 81
76 82
77 51
77 52
77 53
77 54
77 55
77 56
77 57
77 58
77 59
77 60
77 61
77 62
77 63
77 64
77 65
77 66
77 67
77 68
77 69
77 70
77 71
77 72
77 73
77 74
77 75
77 76
77 77
77 78
77 79
77 80
77 81
78 51
78 52
78 53
78 54
78 55
78 56
78 57
78 58
78 59
78 60
78 61
78 62
78 63
78 64
78 65
78 66
78 67
78 68
78 69
78 70
78 71
78 72
78 73
78 74
78 75
78 76
78 77
78 78
78 79
78 80
79 51
79 52
79 53
79 54
79 55
79 56
79 57
79 58
79 59
79 60
79 61
79 62
79 63
79 64
79 65
79 66
79 67
79 68
79 69
79 70
79 71
79 72
79 73
79 74
79 75
79 76
79 77
79 78
79 79
79 80
80 51
80 52
80 53
80 54
80 55
80 56
80 57
80 58
80 59
80 60
80 61
80 62
80 63
80 64
80 65
80 66
80 67
80 68
80 69
80 70
80 71
80 72
80 73
80 74
80 75
80 76
80 77
80 78
80 79
81 51
81 52
81 53
81 54
81 55
81 56
81 57
81 58
81 59
81 60
81 61
81 62
81 63
81 64
81 65
81 66
81 67
81 68
81 69
81 70
81 71
81 72
81 73
81 74
81 75
81 76
81 77
81 78
81 79
82 51
82 52
82 53
82 54
82 55
82 56
82 57
82 58
82 59
82 60
82 61
82 62
82 63
82 64
82 65
82 66
82 67
82 68
82 69
82 70
82 71
82 72
82 73
82 74
82 75
82 76
82 77
82 78
83 52
83 53
83 54
83 55
83 56
83 57
83 58
83 59
83 60
83 61
83 62
83 63
83 64
83 65
83 66
83 67
83 68
83 69
83 70
83 71
83 72
83 73
83 74
83 75
83 76
83 77
84 52
84 53
84 54
84 55
84 56
84 57
84 58
84 59
84 60
84 61
84 62
84 63
84 64
84 65
84 66
84 67
84 68
84 69
84 70
84 71
84 72
84 73
84 74
84 75
84 76
84 77
85 52
85 53
85 54
85 55
85 56
85 57
85 58
85 59
85 60
85 61
85 62
85 63
85 64
85 65
85 66
85 67
85 68
85 69
85 70
85 71
85 72
85 73
85 74
85 75
85 76
86 53
86 54
86 55
86 56
86 57
86 58
86 59
86 60
86 61
86 62
86 63
86 64
86 65
86 66
86 67
86 68
86 69
86 70
86 71
86 72
86 73
86 74
86 75
87 53
87 54
87 55
87 56
87 57
87 58
87 59
87 60
87 61
87 62
87 63
87 64
87 65
87 66
87 67
87 68
87 69
87 70
87 71
87 72
87 73
87 74
88 54
88 55
88 56
88 57
88 58
88 59
88 60
88 61
88 62
88 63
88 64
88 65
88 66
88 67
88 68
88 69
88 70
88 71
88 72
88 73
88 74
89 54
89 55
89 56
89 57
89 58
89 59
89 60
89 61
89 62
89 63
89 64
89 65
89 66
89 67
89 68
89 69
89 70
89 71
89 72
89 73
90 55
90 56
90 57
90 58
90 59
90 60
90 61
90 62
90 63
90 64
90 65
90 66
90 67
90 68
90 69
90 70
90 71
90 72
91 56
91 57
91 58
91 59
91 60
91 61
91 62
91 63
91 64
91 65
91 66
91 67
91 68
91 69
91 70
91 71
92 58
92 59
92 60
92 61
92 62
92 63
92 64
92 65
92 66
92 67
92 68
92 69
92 70
Instances 1: 
31 110
31 111
31 112
31 113
31 114
31 115
31 116
31 117
31 118
31 119
31 120
31 121
31 122
31 123
32 109
32 110
32 111
32 112
32 113
32 114
32 115
32 116
32 117
32 118
32 119
32 120
32 121
32 122
32 123
32 124
33 109
33 110
33 111
33 112
33 113
33 114
33 115
33 116
33 117
33 118
33 119
33 120
33 121
33 122
33 123
33 124
33 125
34 108
34 109
34 110
34 111
34 112
34 113
34 114
34 115
34 116
34 117
34 118
34 119
34 120
34 121
34 122
34 123
34 124
34 125
35 108
35 109
35 110
35 111
35 112
35 113
35 114
35 115
35 116
35 117
35 118
35 119
35 120
35 121
35 122
35 123
35 124
35 125
35 126
36 107
36 108
36 109
36 110
36 111
36 112
36 113
36 114
36 115
36 116
36 117
36 118
36 119
36 120
36 121
36 122
36 123
36 124
36 125
36 126
37 107
37 108
37 109
37 110
37 111
37 112
37 113
37 114
37 115
37 116
37 117
37 118
37 119
37 120
37 121
37 122
37 123
37 124
37 125
37 126
38 107
38 108
38 109
38 110
38 111
38 112
38 113
38 114
38 115
38 116
38 117
38 118
38 119
38 120
38 121
38 122
38 123
38 124
38 125
38 126
38 127
39 107
39 108
39 109
39 110
39 111
39 112
39 113
39 114
39 115
39 116
39 117
39 118
39 119
39 120
39 121
39 122
39 123
39 124
39 125
39 126
39 127
40 106
40 107
40 108
40 109
40 110
40 111
40 112
40 113
40 114
40 115
40 116
40 117
40 118
40 119
40 120
40 121
40 122
40 123
40 124
40 125
40 126
40 127
41 106
41 107
41 108
41 109
41 110
41 111
41 112
41 113
41 114
41 115
41 116
41 117
41 118
41 119
41 120
41 121
41 122
41 123
41 124
41 125
41 126
41 127
41 128
42 106
42 107
42 108
42 109
42 110
42 111
42 112
42 113
42 114
42 115
42 116
42 117
42 118
42 119
42 120
42 121
42 122
42 123
42 124
42 125
42 126
42 127
42 128
43 106
43 107
43 108
43 109
43 110
43 111
43 112
43 113
43 114
43 115
43 116
43 117
43 118
43 119
43 120
43 121
43 122
43 123
43 124
43 125
43 126
43 127
43 128
44 106
44 107
44 108
44 109
44 110
44 111
44 112
44 113
44 114
44 115
44 116
44 117
44 118
44 119
44 120
44 121
44 122
44 123
44 124
44 125
44 126
44 127
44 128
45 106
45 107
45 108
45 109
45 110
45 111
45 112
45 113
45 114
45 115
45 116
45 117
45 118
45 119
45 120
45 121
45 122
45 123
45 124
45 125
45 126
45 127
45 128
46 106
46 107
46 108
46 109
46 110
46 111
46 112
46 113
46 114
46 115
46 116
46 117
46 118
46 119
46 120
46 121
46 122
46 123
46 124
46 125
46 126
46 127
46 128
46 129
47 106
47 107
47 108
47 109
47 110
47 111
47 112
47 113
47 114
47 115
47 116
47 117
47 118
47 119
47 120
47 121
47 122
47 123
47 124
47 125
47 126
47 127
47 128
47 129
48 106
48 107
48 108
48 109
48 110
48 111
48 112
48 113
48 114
48 115
48 116
48 117
48 118
48 119
48 120
48 121
48 122
48 123
48 124
48 125
48 126
48 127
48 128
48 129
49 106
49 107
49 108
49 109
49 110
49 111
49 112
49 113
49 114
49 115
49 116
49 117
49 118
49 119
49 120
49 121
49 122
49 123
49 124
49 125
49 126
49 127
49 128
49 129
50 106
50 107
50 108
50 109
50 110
50 111
50 112
50 113
50 114
50 115
50 116
50 117
50 118
50 119
50 120
50 121
50 122
50 123
50 124
50 125
50 126
50 127
50 128
50 129
50 130
51 106
51 107
51 108
51 109
51 110
51 111
51 112
51 113
51 114
51 115
51 116
51 117
51 118
51 119
51 120
51 121
51 122
51 123
51 124
51 125
51 126
51 127
51 128
51 129
51 130
52 106
52 107
52 108
52 109
52 110
52 111
52 112
52 113
52 114
52 115
52 116
52 117
52 118
52 119
52 120
52 121
52 122
52 123
52 124
52 125
52 126
52 127
52 128
52 129
52 130
53 106
53 107
53 108
53 109
53 110
53 111
53 112
53 113
53 114
53 115
53 116
53 117
53 118
53 119
53 120
53 121
53 122
53 123
53 124
53 125
53 126
53 127
53 128
53 129
53 130
53 131
54 106
54 107
54 108
54 109
54 110
54 111
54 112
54 113
54 114
54 115
54 116
54 117
54 118
54 119
54 120
54 121
54 122
54 123
54 124
54 125
54 126
54 127
54 128
54 129
54 130
54 131
55 106
55 107
55 108
55 109
55 110
55 111
55 112
55 113
55 114
55 115
55 116
55 117
55 118
55 119
55 120
55 121
55 122
55 123
55 124
55 125
55 126
55 127
55 128
55 129
55 130
55 131
56 107
56 108
56 109
56 110
56 111
56 112
56 113
56 114
56 115
56 116
56 117
56 118
56 119
56 120
56 121
56 122
56 123
56 124
56 125
56 126
56 127
56 128
56 129
56 130
56 131
56 132
57 107
57 108
57 109
57 110
57 111
57 112
57 113
57 114
57 115
57 116
57 117
57 118
57 119
57 120
57 121
57 122
57 123
57 124
57 125
57 126
57 127
57 128
57 129
57 130
57 131
57 132
58 107
58 108
58 109
58 110
58 111
58 112
58 113
58 114
58 115
58 116
58 117
58 118
58 119
58 120
58 121
58 122
58 123
58 124
58 125
58 126
58 127
58 128
58 129
58 130
58 131
58 132
59 107
59 108
59 109
59 110
59 111
59 112
59 113
59 114
59 115
59 116
59 117
59 118
59 119
59 120
59 121
59 122
59 123
59 124
59 125
59 126
59 127
59 128
59 129
59 130
59 131
59 132
59 133
60 107
60 108
60 109
60 110
60 111
60 112
60 113
60 114
60 115
60 116
60 117
60 118
60 119
60 120
60 121
60 122
60 123
60 124
60 125
60 126
60 127
60 128
60 129
60 130
60 131
60 132
60 133
61 107
61 108
61 109
61 110
61 111
61 112
61 113
61 114
61 115
61 116
61 117
61 118
61 119
61 120
61 121
61 122
61 123
61 124
61 125
61 126
61 127
61 128
61 129
61 130
61 131
61 132
61 133
62 108
62 109
62 110
62 111
62 112
62 113
62 114
62 115
62 116
62 117
62 118
62 119
62 120
62 121
62 122
62 123
62 124
62 125
62 126
62 127
62 128
62 129
62 130
62 131
62 132
62 133
62 134
63 108
63 109
63 110
63 111
63 112
63 113
63 114
63 115
63 116
63 117
63 118
63 119
63 120
63 121
63 122
63 123
63 124
63 125
63 126
63 127
63 128
63 129
63 130
63 131
63 132
63 133
63 134
64 108
64 109
64 110
64 111
64 112
64 113
64 114
64 115
64 116
64 117
64 118
64 119
64 120
64 121
64 122
64 123
64 124
64 125
64 126
64 127
64 128
64 129
64 130
64 131
64 132
64 133
64 134
65 109
65 110
65 111
65 112
65 113
65 114
65 115
65 116
65 117
65 118
65 119
65 120
65 121
65 122
65 123
65 124
65 125
65 126
65 127
65 128
65 129
65 130
65 131
65 132
65 133
65 134
66 109
66 110
66 111
66 112
66 113
66 114
66 115
66 116
66 117
66 118
66 119
66 120
66 121
66 122
66 123
66 124
66 125
66 126
66 127
66 128
66 129
66 130
66 131
66 132
66 133
66 134
66 135
67 109
67 110
67 111
67 112
67 113
67 114
67 115
67 116
67 117
67 118
67 119
67 120
67 121
67 122
67 123
67 124
67 125
67 126
67 127
67 128
67 129
67 130
67 131
67 132
67 133
67 134
67 135
68 110
68 111
68 112
68 113
68 114
68 115
68 116
68 117
68 118
68 119
68 120
68 121
68 122
68 123
68 124
68 125
68 126
68 127
68 128
68 129
68 130
68 131
68 132
68 133
68 134
68 135
69 110
69 111
69 112
69 113
69 114
69 115
69 116
69 117
69 118
69 119
69 120
69 121
69 122
69 123
69 124
69 125
69 126
69 127
69 128
69 129
69 130
69 131
69 132
69 133
69 134
69 135
70 111
70 112
70 113
70 114
70 115
70 116
70 117
70 118
70 119
70 120
70 121
70 122
70 123
70 124
70 125
70 126
70 127
70 128
70 129
70 130
70 131
70 132
70 133
70 134
70 135
71 111
71 112
71 113
71 114
71 115
71 116
71 117
71 118
71 119
71 120
71 121
71 122
71 123
71 124
71 125
71 126
71 127
71 128
71 129
71 130
71 131
71 132
71 133
71 134
71 135
72 111
72 112
72 113
72 114
72 115
72 116
72 117
72 118
72 119
72 120
72 121
72 122
72 123
72 124
72 125
72 126
72 127
72 128
72 129
72 130
72 131
72 132
72 133
72 134
72 135
73 112
73 113
73 114
73 115
73 116
73 117
73 118
73 119
73 120
73 121
73 122
73 123
73 124
73 125
73 126
73 127
73 128
73 129
73 130
73 131
73 132
73 133
73 134
73 135
74 112
74 113
74 114
74 115
74 116
74 117
74 118
74 119
74 120
74 121
74 122
74 123
74 124
74 125
74 126
74 127
74 128
74 129
74 130
74 131
74 132
74 133
74 134
74 135
75 112
75 113
75 114
75 115
75 116
75 117
75 118
75 119
75 120
75 121
75 122
75 123
75 124
75 125
75 126
75 127
75 128
75 129
75 130
75 131
75 132
75 133
75 134
75 135
76 113
76 114
76 115
76 116
76 117
76 118
76 119
76 120
76 121
76 122
76 123
76 124
76 125
76 126
76 127
76 128
76 129
76 130
76 131
76 132
76 133
76 134
76 135
77 113
77 114
77 115
77 116
77 117
77 118
77 119
77 120
77 121
77 122
77 123
77 124
77 125
77 126
77 127
77 128
77 129
77 130
77 131
77 132
77 133
77 134
77 135
78 114
78 115
78 116
78 117
78 118
78 119
78 120
78 121
78 122
78 123
78 124
78 125
78 126
78 127
78 128
78 129
78 130
78 131
78 132
78 133
78 134
78 135
79 114
79 115
79 116
79 117
79 118
79 119
79 120
79 121
79 122
79 123
79 124
79 125
79 126
79 127
79 128
79 129
79 130
79 131
79 132
79 133
79 134
79 135
80 115
80 116
80 117
80 118
80 119
80 120
80 121
80 122
80 123
80 124
80 125
80 126
80 127
80 128
80 129
80 130
80 131
80 132
80 133
80 134
80 135
81 115
81 116
81 117
81 118
81 119
81 120
81 121
81 122
81 123
81 124
81 125
81 126
81 127
81 128
81 129
81 130
81 131
81 132
81 133
81 134
81 135
82 116
82 117
82 118
82 119
82 120
82 121
82 122
82 123
82 124
82 125
82 126
82 127
82 128
82 129
82 130
82 131
82 132
82 133
82 134
82 135
83 116
83 117
83 118
83 119
83 120
83 121
83 122
83 123
83 124
83 125
83 126
83 127
83 128
83 129
83 130
83 131
83 132
83 133
83 134
83 135
84 117
84 118
84 119
84 120
84 121
84 122
84 123
84 124
84 125
84 126
84 127
84 128
84 129
84 130
84 131
84 132
84 133
84 134
84 135
85 117
85 118
85 119
85 120
85 121
85 122
85 123
85 124
85 125
85 126
85 127
85 128
85 129
85 130
85 131
85 132
85 133
85 134
85 135
86 118
86 119
86 120
86 121
86 122
86 123
86 124
86 125
86 126
86 127
86 128
86 129
86 130
86 131
86 132
86 133
86 134
86 135
87 119
87 120
87 121
87 122
87 123
87 124
87 125
87 126
87 127
87 128
87 129
87 130
87 131
87 132
87 133
87 134
87 135
88 119
88 120
88 121
88 122
88 123
88 124
88 125
88 126
88 127
88 128
88 129
88 130
88 131
88 132
88 133
88 134
88 135
89 120
89 121
89 122
89 123
89 124
89 125
89 126
89 127
89 128
89 129
89 130
89 131
89 132
89 133
89 134
89 135
90 121
90 122
90 123
90 124
90 125
90 126
90 127
90 128
90 129
90 130
90 131
90 132
90 133
90 134
90 135
91 122
91 123
91 124
91 125
91 126
91 127
91 128
91 129
91 130
91 131
91 132
91 133
91 134
92 122
92 123
92 124
92 125
92 126
92 127
92 128
92 129
92 130
92 131
92 132
92 133
92 134
93 124
93 125
93 126
93 127
93 128
93 129
93 130
93 131
93 132
94 125
94 126
94 127
94 128
94 129
94 130
94 131
Instances 2: 
70 90
70 91
70 92
70 93
70 94
70 95
70 96
70 97
70 98
70 99
70 100
70 101
70 102
70 103
70 104
70 105
70 106
71 89
71 90
71 91
71 92
71 93
71 94
71 95
71 96
71 97
71 98
71 99
71 100
71 101
71 102
71 103
71 104
71 105
71 106
71 107
72 88
72 89
72 90
72 91
72 92
72 93
72 94
72 95
72 96
72 97
72 98
72 99
72 100
72 101
72 102
72 103
72 104
72 105
72 106
72 107
72 108
73 87
73 88
73 89
73 90
73 91
73 92
73 93
73 94
73 95
73 96
73 97
73 98
73 99
73 100
73 101
73 102
73 103
73 104
73 105
73 106
73 107
73 108
73 109
74 86
74 87
74 88
74 89
74 90
74 91
74 92
74 93
74 94
74 95
74 96
74 97
74 98
74 99
74 100
74 101
74 102
74 103
74 104
74 105
74 106
74 107
74 108
74 109
75 86
75 87
75 88
75 89
75 90
75 91
75 92
75 93
75 94
75 95
75 96
75 97
75 98
75 99
75 100
75 101
75 102
75 103
75 104
75 105
75 106
75 107
75 108
75 109
75 110
76 86
76 87
76 88
76 89
76 90
76 91
76 92
76 93
76 94
76 95
76 96
76 97
76 98
76 99
76 100
76 101
76 102
76 103
76 104
76 105
76 106
76 107
76 108
76 109
76 110
77 86
77 87
77 88
77 89
77 90
77 91
77 92
77 93
77 94
77 95
77 96
77 97
77 98
77 99
77 100
77 101
77 102
77 103
77 104
77 105
77 106
77 107
77 108
77 109
77 110
78 86
78 87
78 88
78 89
78 90
78 91
78 92
78 93
78 94
78 95
78 96
78 97
78 98
78 99
78 100
78 101
78 102
78 103
78 104
78 105
78 106
78 107
78 108
78 109
78 110
78 111
79 85
79 86
79 87
79 88
79 89
79 90
79 91
79 92
79 93
79 94
79 95
79 96
79 97
79 98
79 99
79 100
79 101
79 102
79 103
79 104
79 105
79 106
79 107
79 108
79 109
79 110
79 111
80 85
80 86
80 87
80 88
80 89
80 90
80 91
80 92
80 93
80 94
80 95
80 96
80 97
80 98
80 99
80 100
80 101
80 102
80 103
80 104
80 105
80 106
80 107
80 108
80 109
80 110
80 111
81 85
81 86
81 87
81 88
81 89
81 90
81 91
81 92
81 93
81 94
81 95
81 96
81 97
81 98
81 99
81 100
81 101
81 102
81 103
81 104
81 105
81 106
81 107
81 108
81 109
81 110
81 111
82 85
82 86
82 87
82 88
82 89
82 90
82 91
82 92
82 93
82 94
82 95
82 96
82 97
82 98
82 99
82 100
82 101
82 102
82 103
82 104
82 105
82 106
82 107
82 108
82 109
82 110
82 111
83 85
83 86
83 87
83 88
83 89
83 90
83 91
83 92
83 93
83 94
83 95
83 96
83 97
83 98
83 99
83 100
83 101
83 102
83 103
83 104
83 105
83 106
83 107
83 108
83 109
83 110
83 111
83 112
84 85
84 86
84 87
84 88
84 89
84 90
84 91
84 92
84 93
84 94
84 95
84 96
84 97
84 98
84 99
84 100
84 101
84 102
84 103
84 104
84 105
84 106
84 107
84 108
84 109
84 110
84 111
84 112
85 85
85 86
85 87
85 88
85 89
85 90
85 91
85 92
85 93
85 94
85 95
85 96
85 97
85 98
85 99
85 100
85 101
85 102
85 103
85 104
85 105
85 106
85 107
85 108
85 109
85 110
85 111
85 112
86 85
86 86
86 87
86 88
86 89
86 90
86 91
86 92
86 93
86 94
86 95
86 96
86 97
86 98
86 99
86 100
86 101
86 102
86 103
86 104
86 105
86 106
86 107
86 108
86 109
86 110
86 111
86 112
87 85
87 86
87 87
87 88
87 89
87 90
87 91
87 92
87 93
87 94
87 95
87 96
87 97
87 98
87 99
87 100
87 101
87 102
87 103
87 104
87 105
87 106
87 107
87 108
87 109
87 110
87 111
87 112
88 85
88 86
88 87
88 88
88 89
88 90
88 91
88 92
88 93
88 94
88 95
88 96
88 97
88 98
88 99
88 100
88 101
88 102
88 103
88 104
88 105
88 106
88 107
88 108
88 109
88 110
88 111
88 112
89 85
89 86
89 87
89 88
89 89
89 90
89 91
89 92
89 93
89 94
89 95
89 96
89 97
89 98
89 99
89 100
89 101
89 102
89 103
89 104
89 105
89 106
89 107
89 108
89 109
89 110
89 111
89 112
90 85
90 86
90 87
90 88
90 89
90 90
90 91
90 92
90 93
90 94
90 95
90 96
90 97
90 98
90 99
90 100
90 101
90 102
90 103
90 104
90 105
90 106
90 107
90 108
90 109
90 110
90 111
90 112
91 85
91 86
91 87
91 88
91 89
91 90
91 91
91 92
91 93
91 94
91 95
91 96
91 97
91 98
91 99
91 100
91 101
91 102
91 103
91 104
91 105
91 106
91 107
91 108
91 109
91 110
91 111
91 112
92 85
92 86
92 87
92 88
92 89
92 90
92 91
92 92
92 93
92 94
92 95
92 96
92 97
92 98
92 99
92 100
92 101
92 102
92 103
92 104
92 105
92 106
92 107
92 108
92 109
92 110
92 111
92 112
93 85
93 86
93 87
93 88
93 89
93 90
93 91
93 92
93 93
93 94
93 95
93 96
93 97
93 98
93 99
93 100
93 101
93 102
93 103
93 104
93 105
93 106
93 107
93 108
93 109
93 110
93 111
93 112
94 85
94 86
94 87
94 88
94 89
94 90
94 91
94 92
94 93
94 94
94 95
94 96
94 97
94 98
94 99
94 100
94 101
94 102
94 103
94 104
94 105
94 106
94 107
94 108
94 109
94 110
94 111
94 112
95 85
95 86
95 87
95 88
95 89
95 90
95 91
95 92
95 93
95 94
95 95
95 96
95 97
95 98
95 99
95 100
95 101
95 102
95 103
95 104
95 105
95 106
95 107
95 108
95 109
95 110
95 111
95 112
96 85
96 86
96 87
96 88
96 89
96 90
96 91
96 92
96 93
96 94
96 95
96 96
96 97
96 98
96 99
96 100
96 101
96 102
96 103
96 104
96 105
96 106
96 107
96 108
96 109
96 110
96 111
96 112
97 85
97 86
97 87
97 88
97 89
97 90
97 91
97 92
97 93
97 94
97 95
97 96
97 97
97 98
97 99
97 100
97 101
97 102
97 103
97 104
97 105
97 106
97 107
97 108
97 109
97 110
97 111
97 112
98 86
98 87
98 88
98 89
98 90
98 91
98 92
98 93
98 94
98 95
98 96
98 97
98 98
98 99
98 100
98 101
98 102
98 103
98 104
98 105
98 106
98 107
98 108
98 109
98 110
98 111
98 112
99 86
99 87
99 88
99 89
99 90
99 91
99 92
99 93
99 94
99 95
99 96
99 97
99 98
99 99
99 100
99 101
99 102
99 103
99 104
99 105
99 106
99 107
99 108
99 109
99 110
99 111
99 112
100 86
100 87
100 88
100 89
100 90
100 91
100 92
100 93
100 94
100 95
100 96
100 97
100 98
100 99
100 100
100 101
100 102
100 103
100 104
100 105
100 106
100 107
100 108
100 109
100 110
100 111
100 112
101 86
101 87
101 88
101 89
101 90
101 91
101 92
101 93
101 94
101 95
101 96
101 97
101 98
101 99
101 100
101 101
101 102
101 103
101 104
101 105
101 106
101 107
101 108
101 109
101 110
101 111
101 112
102 86
102 87
102 88
102 89
102 90
102 91
102 92
102 93
102 94
102 95
102 96
102 97
102 98
102 99
102 100
102 101
102 102
102 103
102 104
102 105
102 106
102 107
102 108
102 109
102 110
102 111
102 112
103 86
103 87
103 88
103 89
103 90
103 91
103 92
103 93
103 94
103 95
103 96
103 97
103 98
103 99
103 100
103 101
103 102
103 103
103 104
103 105
103 106
103 107
103 108
103 109
103 110
103 111
103 112
104 86
104 87
104 88
104 89
104 90
104 91
104 92
104 93
104 94
104 95
104 96
104 97
104 98
104 99
104 100
104 101
104 102
104 103
104 104
104 105
104 106
104 107
104 108
104 109
104 110
104 111
104 112
105 86
105 87
105 88
105 89
105 90
105 91
105 92
105 93
105 94
105 95
105 96
105 97
105 98
105 99
105 100
105 101
105 102
105 103
105 104
105 105
105 106
105 107
105 108
105 109
105 110
105 111
105 112
106 86
106 87
106 88
106 89
106 90
106 91
106 92
106 93
106 94
106 95
106 96
106 97
106 98
106 99
106 100
106 101
106 102
106 103
106 104
106 105
106 106
106 107
106 108
106 109
106 110
106 111
106 112
107 86
107 87
107 88
107 89
107 90
107 91
107 92
107 93
107 94
107 95
107 96
107 97
107 98
107 99
107 100
107 101
107 102
107 103
107 104
107 105
107 106
107 107
107 108
107 109
107 110
107 111
107 112
108 86
108 87
108 88
108 89
108 90
108 91
108 92
108 93
108 94
108 95
108 96
108 97
108 98
108 99
108 100
108 101
108 102
108 103
108 104
108 105
108 106
108 107
108 108
108 109
108 110
108 111
108 112
109 86
109 87
109 88
109 89
109 90
109 91
109 92
109 93
109 94
109 95
109 96
109 97
109 98
109 99
109 100
109 101
109 102
109 103
109 104
109 105
109 106
109 107
109 108
109 109
109 110
109 111
109 112
110 86
110 87
110 88
110 89
110 90
110 91
110 92
110 93
110 94
110 95
110 96
110 97
110 98
110 99
110 100
110 101
110 102
110 103
110 104
110 105
110 106
110 107
110 108
110 109
110 110
110 111
110 112
111 86
111 87
111 88
111 89
111 90
111 91
111 92
111 93
111 94
111 95
111 96
111 97
111 98
111 99
111 100
111 101
111 102
111 103
111 104
111 105
111 106
111 107
111 108
111 109
111 110
111 111
111 112
112 86
112 87
112 88
112 89
112 90
112 91
112 92
112 93
112 94
112 95
112 96
112 97
112 98
112 99
112 100
112 101
112 102
112 103
112 104
112 105
112 106
112 107
112 108
112 109
112 110
112 111
112 112
113 86
113 87
113 88
113 89
113 90
113 91
113 92
113 93
113 94
113 95
113 96
113 97
113 98
113 99
113 100
113 101
113 102
113 103
113 104
113 105
113 106
113 107
113 108
113 109
113 110
113 111
113 112
114 86
114 87
114 88
114 89
114 90
114 91
114 92
114 93
114 94
114 95
114 96
114 97
114 98
114 99
114 100
114 101
114 102
114 103
114 104
114 105
114 106
114 107
114 108
114 109
114 110
114 111
114 112
115 87
115 88
115 89
115 90
115 91
115 92
115 93
115 94
115 95
115 96
115 97
115 98
115 99
115 100
115 101
115 102
115 103
115 104
115 105
115 106
115 107
115 108
115 109
115 110
115 111
115 112
116 87
116 88
116 89
116 90
116 91
116 92
116 93
116 94
116 95
116 96
116 97
116 98
116 99
116 100
116 101
116 102
116 103
116 104
116 105
116 106
116 107
116 108
116 109
116 110
116 111
116 112
117 87
117 88
117 89
117 90
117 91
117 92
117 93
117 94
117 95
117 96
117 97
117 98
117 99
117 100
117 101
117 102
117 103
117 104
117 105
117 106
117 107
117 108
117 109
117 110
117 111
117 112
118 87
118 88
118 89
118 90
118 91
118 92
118 93
118 94
118 95
118 96
118 97
118 98
118 99
118 100
118 101
118 102
118 103
118 104
118 105
118 106
118 107
118 108
118 109
118 110
118 111
118 112
119 87
119 88
119 89
119 90
119 91
119 92
119 93
119 94
119 95
119 96
119 97
119 98
119 99
119 100
119 101
119 102
119 103
119 104
119 105
119 106
119 107
119 108
119 109
119 110
119 111
119 112
120 87
120 88
120 89
120 90
120 91
120 92
120 93
120 94
120 95
120 96
120 97
120 98
120 99
120 100
120 101
120 102
120 103
120 104
120 105
120 106
120 107
120 108
120 109
120 110
120 111
120 112
121 88
121 89
121 90
121 91
121 92
121 93
121 94
121 95
121 96
121 97
121 98
121 99
121 100
121 101
121 102
121 103
121 104
121 105
121 106
121 107
121 108
121 109
121 110
121 111
121 112
122 88
122 89
122 90
122 91
122 92
122 93
122 94
122 95
122 96
122 97
122 98
122 99
122 100
122 101
122 102
122 103
122 104
122 105
122 106
122 107
122 108
122 109
122 110
122 111
123 88
123 89
123 90
123 91
123 92
123 93
123 94
123 95
123 96
123 97
123 98
123 99
123 100
123 101
123 102
123 103
123 104
123 105
123 106
123 107
123 108
123 109
123 110
123 111
124 89
124 90
124 91
124 92
124 93
124 94
124 95
124 96
124 97
124 98
124 99
124 100
124 101
124 102
124 103
124 104
124 105
124 106
124 107
124 108
124 109
124 110
124 111
125 89
125 90
125 91
125 92
125 93
125 94
125 95
125 96
125 97
125 98
125 99
125 100
125 101
125 102
125 103
125 104
125 105
125 106
125 107
125 108
125 109
125 110
126 90
126 91
126 92
126 93
126 94
126 95
126 96
126 97
126 98
126 99
126 100
126 101
126 102
126 103
126 104
126 105
126 106
126 107
126 108
126 109
127 90
127 91
127 92
127 93
127 94
127 95
127 96
127 97
127 98
127 99
127 100
127 101
127 102
127 103
127 104
127 105
127 106
127 107
127 108
128 91
128 92
128 93
128 94
128 95
128 96
128 97
128 98
128 99
128 100
128 101
128 102
128 103
128 104
128 105
128 106
129 92
129 93
129 94
129 95
129 96
129 97
129 98
129 99
129 100
129 101
129 102
129 103
129 104
129 105
130 94
130 95
130 96
130 97
130 98
130 99
130 100
130 101
130 102
130 103
131 95
131 96
131 97
131 98
131 99
131 100
131 101
Instances 3: 
1 100
1 101
1 102
1 103
1 104
1 105
1 106
1 107
1 108
1 109
1 110
1 111
1 112
1 113
1 114
1 115
1 116
1 117
1 118
1 119
1 120
1 121
1 122
1 123
1 124
1 125
1 126
1 127
1 128
1 129
1 130
1 131
2 98
2 99
2 100
2 101
2 102
2 103
2 104
2 105
2 106
2 107
2 108
2 109
2 110
2 111
2 112
2 113
2 114
2 115
2 116
2 117
2 118
2 119
2 120
2 121
2 122
2 123
2 124
2 125
2 126
2 127
2 128
2 129
2 130
2 131
2 132
3 98
3 99
3 100
3 101
3 102
3 103
3 104
3 105
3 106
3 107
3 108
3 109
3 110
3 111
3 112
3 113
3 114
3 115
3 116
3 117
3 118
3 119
3 120
3 121
3 122
3 123
3 124
3 125
3 126
3 127
3 128
3 129
3 130
3 131
3 132
3 133
4 97
4 98
4 99
4 100
4 101
4 102
4 103
4 104
4 105
4 106
4 107
4 108
4 109
4 110
4 111
4 112
4 113
4 114
4 115
4 116
4 117
4 118
4 119
4 120
4 121
4 122
4 123
4 124
4 125
4 126
4 127
4 128
4 129
4 130
4 131
4 132
4 133
5 97
5 98
5 99
5 100
5 101
5 102
5 103
5 104
5 105
5 106
5 107
5 108
5 109
5 110
5 111
5 112
5 113
5 114
5 115
5 116
5 117
5 118
5 119
5 120
5 121
5 122
5 123
5 124
5 125
5 126
5 127
5 128
5 129
5 130
5 131
5 132
5 133
6 97
6 98
6 99
6 100
6 101
6 102
6 103
6 104
6 105
6 106
6 107
6 108
6 109
6 110
6 111
6 112
6 113
6 114
6 115
6 116
6 117
6 118
6 119
6 120
6 121
6 122
6 123
6 124
6 125
6 126
6 127
6 128
6 129
6 130
6 131
6 132
6 133
6 134
7 97
7 98
7 99
7 100
7 101
7 102
7 103
7 104
7 105
7 106
7 107
7 108
7 109
7 110
7 111
7 112
7 113
7 114
7 115
7 116
7 117
7 118
7 119
7 120
7 121
7 122
7 123
7 124
7 125
7 126
7 127
7 128
7 129
7 130
7 131
7 132
7 133
7 134
8 97
8 98
8 99
8 100
8 101
8 102
8 103
8 104
8 105
8 106
8 107
8 108
8 109
8 110
8 111
8 112
8 113
8 114
8 115
8 116
8 117
8 118
8 119
8 120
8 121
8 122
8 123
8 124
8 125
8 126
8 127
8 128
8 129
8 130
8 131
8 132
8 133
8 134
9 97
9 98
9 99
9 100
9 101
9 102
9 103
9 104
9 105
9 106
9 107
9 108
9 109
9 110
9 111
9 112
9 113
9 114
9 115
9 116
9 117
9 118
9 119
9 120
9 121
9 122
9 123
9 124
9 125
9 126
9 127
9 128
9 129
9 130
9 131
9 132
9 133
9 134
10 97
10 98
10 99
10 100
10 101
10 102
10 103
10 104
10 105
10 106
10 107
10 108
10 109
10 110
10 111
10 112
10 113
10 114
10 115
10 116
10 117
10 118
10 119
10 120
10 121
10 122
10 123
10 124
10 125
10 126
10 127
10 128
10 129
10 130
10 131
10 132
10 133
10 134
11 97
11 98
11 99
11 100
11 101
11 102
11 103
11 104
11 105
11 106
11 107
11 108
11 109
11 110
11 111
11 112
11 113
11 114
11 115
11 116
11 117
11 118
11 119
11 120
11 121
11 122
11 123
11 124
11 125
11 126
11 127
11 128
11 129
11 130
11 131
11 132
11 133
11 134
12 97
12 98
12 99
12 100
12 101
12 102
12 103
12 104
12 105
12 106
12 107
12 108
12 109
12 110
12 111
12 112
12 113
12 114
12 115
12 116
12 117
12 118
12 119
12 120
12 121
12 122
12 123
12 124
12 125
12 126
12 127
12 128
12 129
12 130
12 131
12 132
12 133
12 134
13 97
13 98
13 99
13 100
13 101
13 102
13 103
13 104
13 105
13 106
13 107
13 108
13 109
13 110
13 111
13 112
13 113
13 114
13 115
13 116
13 117
13 118
13 119
13 120
13 121
13 122
13 123
13 124
13 125
13 126
13 127
13 128
13 129
13 130
13 131
13 132
13 133
13 134
14 98
14 99
14 100
14 101
14 102
14 103
14 104
14 105
14 106
14 107
14 108
14 109
14 110
14 111
14 112
14 113
14 114
14 115
14 116
14 117
14 118
14 119
14 120
14 121
14 122
14 123
14 124
14 125
14 126
14 127
14 128
14 129
14 130
14 131
14 132
14 133
15 98
15 99
15 100
15 101
15 102
15 103
15 104
15 105
15 106
15 107
15 108
15 109
15 110
15 111
15 112
15 113
15 114
15 115
15 116
15 117
15 118
15 119
15 120
15 121
15 122
15 123
15 124
15 125
15 126
15 127
15 128
15 129
15 130
15 131
15 132
15 133
16 98
16 99
16 100
16 101
16 102
16 103
16 104
16 105
16 106
16 107
16 108
16 109
16 110
16 111
16 112
16 113
16 114
16 115
16 116
16 117
16 118
16 119
16 120
16 121
16 122
16 123
16 124
16 125
16 126
16 127
16 128
16 129
16 130
16 131
16 132
16 133
17 99
17 100
17 101
17 102
17 103
17 104
17 105
17 106
17 107
17 108
17 109
17 110
17 111
17 112
17 113
17 114
17 115
17 116
17 117
17 118
17 119
17 120
17 121
17 122
17 123
17 124
17 125
17 126
17 127
17 128
17 129
17 130
17 131
17 132
17 133
18 99
18 100
18 101
18 102
18 103
18 104
18 105
18 106
18 107
18 108
18 109
18 110
18 111
18 112
18 113
18 114
18 115
18 116
18 117
18 118
18 119
18 120
18 121
18 122
18 123
18 124
18 125
18 126
18 127
18 128
18 129
18 130
18 131
18 132
18 133
19 99
19 100
19 101
19 102
19 103
19 104
19 105
19 106
19 107
19 108
19 109
19 110
19 111
19 112
19 113
19 114
19 115
19 116
19 117
19 118
19 119
19 120
19 121
19 122
19 123
19 124
19 125
19 126
19 127
19 128
19 129
19 130
19 131
19 132
20 100
20 101
20 102
20 103
20 104
20 105
20 106
20 107
20 108
20 109
20 110
20 111
20 112
20 113
20 114
20 115
20 116
20 117
20 118
20 119
20 120
20 121
20 122
20 123
20 124
20 125
20 126
20 127
20 128
20 129
20 130
20 131
20 132
21 100
21 101
21 102
21 103
21 104
21 105
21 106
21 107
21 108
21 109
21 110
21 111
21 112
21 113
21 114
21 115
21 116
21 117
21 118
21 119
21 120
21 121
21 122
21 123
21 124
21 125
21 126
21 127
21 128
21 129
21 130
21 131
21 132
22 101
22 102
22 103
22 104
22 105
22 106
22 107
22 108
22 109
22 110
22 111
22 112
22 113
22 114
22 115
22 116
22 117
22 118
22 119
22 120
22 121
22 122
22 123
22 124
22 125
22 126
22 127
22 128
22 129
22 130
22 131
23 102
23 103
23 104
23 105
23 106
23 107
23 108
23 109
23 110
23 111
23 112
23 113
23 114
23 115
23 116
23 117
23 118
23 119
23 120
23 121
23 122
23 123
23 124
23 125
23 126
23 127
23 128
23 129
23 130
23 131
24 103
24 104
24 105
24 106
24 107
24 108
24 109
24 110
24 111
24 112
24 113
24 114
24 115
24 116
24 117
24 118
24 119
24 120
24 121
24 122
24 123
24 124
24 125
24 126
24 127
24 128
24 129
24 130
25 104
25 105
25 106
25 107
25 108
25 109
25 110
25 111
25 112
25 113
25 114
25 115
25 116
25 117
25 118
25 119
25 120
25 121
25 122
25 123
25 124
25 125
25 126
25 127
25 128
25 129
26 106
26 107
26 108
26 109
26 110
26 111
26 112
26 113
26 114
26 115
26 116
26 117
26 118
26 119
26 120
26 121
26 122
26 123
26 124
26 125
26 126
26 127
27 107
27 108
27 109
27 110
27 111
27 112
27 113
27 114
27 115
27 116
27 117
27 118
27 119
27 120
27 121
27 122
27 123
27 124
27 125
28 110
28 111
28 112
28 113
28 114
28 115
28 116
28 117
28 118
28 119
28 120
28 121
28 122
Instances 4: 
1 59
1 60
1 61
1 62
1 63
1 64
1 65
1 66
1 67
1 68
1 69
1 70
1 71
1 72
1 73
1 74
1 75
1 76
1 77
1 78
1 79
1 80
1 81
1 82
1 83
1 84
1 85
1 86
1 87
1 88
1 89
1 90
1 91
1 92
1 93
1 94
1 95
2 59
2 60
2 61
2 62
2 63
2 64
2 65
2 66
2 67
2 68
2 69
2 70
2 71
2 72
2 73
2 74
2 75
2 76
2 77
2 78
2 79
2 80
2 81
2 82
2 83
2 84
2 85
2 86
2 87
2 88
2 89
2 90
2 91
2 92
2 93
2 94
2 95
3 59
3 60
3 61
3 62
3 63
3 64
3 65
3 66
3 67
3 68
3 69
3 70
3 71
3 72
3 73
3 74
3 75
3 76
3 77
3 78
3 79
3 80
3 81
3 82
3 83
3 84
3 85
3 86
3 87
3 88
3 89
3 90
3 91
3 92
3 93
3 94
3 95
4 59
4 60
4 61
4 62
4 63
4 64
4 65
4 66
4 67
4 68
4 69
4 70
4 71
4 72
4 73
4 74
4 75
4 76
4 77
4 78
4 79
4 80
4 81
4 82
4 83
4 84
4 85
4 86
4 87
4 88
4 89
4 90
4 91
4 92
4 93
4 94
4 95
5 59
5 60
5 61
5 62
5 63
5 64
5 65
5 66
5 67
5 68
5 69
5 70
5 71
5 72
5 73
5 74
5 75
5 76
5 77
5 78
5 79
5 80
5 81
5 82
5 83
5 84
5 85
5 86
5 87
5 88
5 89
5 90
5 91
5 92
5 93
5 94
5 95
6 59
6 60
6 61
6 62
6 63
6 64
6 65
6 66
6 67
6 68
6 69
6 70
6 71
6 72
6 73
6 74
6 75
6 76
6 77
6 78
6 79
6 80
6 81
6 82
6 83
6 84
6 85
6 86
6 87
6 88
6 89
6 90
6 91
6 92
6 93
6 94
7 59
7 60
7 61
7 62
7 63
7 64
7 65
7 66
7 67
7 68
7 69
7 70
7 71
7 72
7 73
7 74
7 75
7 76
7 77
7 78
7 79
7 80
7 81
7 82
7 83
7 84
7 85
7 86
7 87
7 88
7 89
7 90
7 91
7 92
7 93
7 94
8 59
8 60
8 61
8 62
8 63
8 64
8 65
8 66
8 67
8 68
8 69
8 70
8 71
8 72
8 73
8 74
8 75
8 76
8 77
8 78
8 79
8 80
8 81
8 82
8 83
8 84
8 85
8 86
8 87
8 88
8 89
8 90
8 91
8 92
8 93
8 94
9 59
9 60
9 61
9 62
9 63
9 64
9 65
9 66
9 67
9 68
9 69
9 70
9 71
9 72
9 73
9 74
9 75
9 76
9 77
9 78
9 79
9 80
9 81
9 82
9 83
9 84
9 85
9 86
9 87
9 88
9 89
9 90
9 91
9 92
9 93
9 94
10 59
10 60
10 61
10 62
10 63
10 64
10 65
10 66
10 67
10 68
10 69
10 70
10 71
10 72
10 73
10 74
10 75
10 76
10 77
10 78
10 79
10 80
10 81
10 82
10 83
10 84
10 85
10 86
10 87
10 88
10 89
10 90
10 91
10 92
10 93
10 94
11 60
11 61
11 62
11 63
11 64
11 65
11 66
11 67
11 68
11 69
11 70
11 71
11 72
11 73
11 74
11 75
11 76
11 77
11 78
11 79
11 80
11 81
11 82
11 83
11 84
11 85
11 86
11 87
11 88
11 89
11 90
11 91
11 92
11 93
12 60
12 61
12 62
12 63
12 64
12 65
12 66
12 67
12 68
12 69
12 70
12 71
12 72
12 73
12 74
12 75
12 76
12 77
12 78
12 79
12 80
12 81
12 82
12 83
12 84
12 85
12 86
12 87
12 88
12 89
12 90
12 91
12 92
12 93
13 61
13 62
13 63
13 64
13 65
13 66
13 67
13 68
13 69
13 70
13 71
13 72
13 73
13 74
13 75
13 76
13 77
13 78
13 79
13 80
13 81
13 82
13 83
13 84
13 85
13 86
13 87
13 88
13 89
13 90
13 91
13 92
13 93
14 61
14 62
14 63
14 64
14 65
14 66
14 67
14 68
14 69
14 70
14 71
14 72
14 73
14 74
14 75
14 76
14 77
14 78
14 79
14 80
14 81
14 82
14 83
14 84
14 85
14 86
14 87
14 88
14 89
14 90
14 91
14 92
15 62
15 63
15 64
15 65
15 66
15 67
15 68
15 69
15 70
15 71
15 72
15 73
15 74
15 75
15 76
15 77
15 78
15 79
15 80
15 81
15 82
15 83
15 84
15 85
15 86
15 87
15 88
15 89
15 90
15 91
15 92
16 63
16 64
16 65
16 66
16 67
16 68
16 69
16 70
16 71
16 72
16 73
16 74
16 75
16 76
16 77
16 78
16 79
16 80
16 81
16 82
16 83
16 84
16 85
16 86
16 87
16 88
16 89
16 90
16 91
17 64
17 65
17 66
17 67
17 68
17 69
17 70
17 71
17 72
17 73
17 74
17 75
17 76
17 77
17 78
17 79
17 80
17 81
17 82
17 83
17 84
17 85
17 86
17 87
17 88
17 89
17 90
18 65
18 66
18 67
18 68
18 69
18 70
18 71
18 72
18 73
18 74
18 75
18 76
18 77
18 78
18 79
18 80
18 81
18 82
18 83
18 84
18 85
18 86
18 87
18 88
18 89
19 66
19 67
19 68
19 69
19 70
19 71
19 72
19 73
19 74
19 75
19 76
19 77
19 78
19 79
19 80
19 81
19 82
19 83
19 84
19 85
19 86
19 87
19 88
20 68
20 69
20 70
20 71
20 72
20 73
20 74
20 75
20 76
20 77
20 78
20 79
20 80
20 81
20 82
20 83
20 84
20 85
20 86
20 87
21 70
21 71
21 72
21 73
21 74
21 75
21 76
21 77
21 78
21 79
21 80
21 81
21 82
21 83
21 84
21 85
